$ANSIBLE_VAULT;1.1;AES256
61383332323034353235323734663734346437363433343739623934626634333732363565643764
6432393262353032366636373836623838323036386361340a353939376433373838333731643361
39633737356235656131613939363134653265383361313135393066333264356265333439393662
3534613437386534330a613732353666626263396336633161393134323931356236353364373131
31346637643462666436333136343138336265363538343732303636353137333934353738383462
36356664623932653035613238333566666338663636626230623737653061366534356330313866
64373934626363353632323335616461303166393465336234353765393430373837356635633965
63373963313736303234343761646133363736303562646538373437303837653633636435653139
62373165386561343733373137383032356463626239343139333739633764663364376630623238
39363539383332343830316130353037376634643337633536336366623633386165303234666162
34613131323838353561326565383863313335386331316362633038353063613262323831343062
30326462353231663632376561666537663639343234353733323331363136616365303735386632
62653261333231303965663133373334333364343439313861393861323163613431623136663732
31626339303832633464373962323430363837326335383561393761623363643331393961333937
62633238306661363630356230623037336465346662393233303134646463343861616563313739
35336134386361626366353935313333343331393036366366333561643438323334303237306139
37373033303538643636373661633664616335323435636632613264653732336230663731653164
65633834386364653630356438626139633236613136393536323531373565373239353437313331
65663932623238353530333436636438323063323133363263626539383361366332393530363566
31393330336263373436396366393135613231383636316130303738353734363336353937306136
63656435333935653062363934303261353064616238376134363233613966343334336133366435
38316361363731373264373933313630313134666136303234363265636231646138613033323465
37643538336631643736623331326331653361393231663138613735316234663662326437633933
61326230636265346166393033633433623239376630633131313139373662626466323736356366
3562
